First matrix:
        42        74        74        56        83        22        15        15        69        79
        60        74        55        69        89        18        43        57        41        50
        20        20        56        34        44        88        12        82         2        31
        97         3        20        54        59        68         8        82        98        57
        16        23        26        57        78        91        99        23        97        38
        96        97        86        33        59        84        43        75        12        55
        53        24        27         6        55        21        53        74        71         9
        47        56        52        28        41        48        22        49        66        34
        97         1        29        48        79        27        89        89        14        42
        71        85        97        44        44        13         6        65        22        43

Second matrix:
        78        95        37        63        94        37        33        85        21         9
        24        83        13        14        59        95        13         8        55        70
        99        27        57        55         7        28        32        46        77        24
        43        24        90        38        58        12        32        16        95         6
        95        66        30        36        11        83        18        45        63        80
        79        68        97        35        68        21        84        33        25        67
        91        24        83         2        36        89        77        12        93        58
        20        71        28        48        67        13        42        71        96        13
        74        27        74        38        51        23        79        22        59        97
        43         5        40        94        32        36        76        44        14        97

Result matrix:
     34577     24131     26329     24436     22081     24640     23090     19162     29761     31205
     34982     28517     27142     23377     25654     26694     22768     21590     34767     27842
     24391     21095     21788     17526     18912     13412     18866     17238     23574     17507
     34988     28763     30486     26843     30444     17491     28516     25534     29485     27728
     39705     23653     36229     19479     24663     25283     31671     16792     33877     34193
     40656     36847     31360     27766     32569     29290     27944     27372     35602     30232
     26469     21446     20124     15305     19743     17711     19353     17051     25420     20444
     28377     23118     23279     18925     21954     18599     21159     17403     25634     23868
     34884     27326     27159     22263     26094     23108     24257     24344     32772     21807
     29603     26831     21468     22719     23357     21304     18042     21353     29610     21070
